NMARK= 2
MARKER_TAG= airfoil
MARKER_ELEMS= 200
SEND_TO= 0
3	199	0	0
3	0	1	1
3	1	2	2
3	2	3	3
3	3	4	4
3	4	5	5
3	5	6	6
3	6	7	7
3	7	8	8
3	8	9	9
3	9	10	10
3	10	11	11
3	11	12	12
3	12	13	13
3	13	14	14
3	14	15	15
3	15	16	16
3	16	17	17
3	17	18	18
3	18	19	19
3	19	20	20
3	20	21	21
3	21	22	22
3	22	23	23
3	23	24	24
3	24	25	25
3	25	26	26
3	26	27	27
3	27	28	28
3	28	29	29
3	29	30	30
3	30	31	31
3	31	32	32
3	32	33	33
3	33	34	34
3	34	35	35
3	35	36	36
3	36	37	37
3	37	38	38
3	38	39	39
3	39	40	40
3	40	41	41
3	41	42	42
3	42	43	43
3	43	44	44
3	44	45	45
3	45	46	46
3	46	47	47
3	47	48	48
3	48	49	49
3	49	50	50
3	50	51	51
3	51	52	52
3	52	53	53
3	53	54	54
3	54	55	55
3	55	56	56
3	56	57	57
3	57	58	58
3	58	59	59
3	59	60	60
3	60	61	61
3	61	62	62
3	62	63	63
3	63	64	64
3	64	65	65
3	65	66	66
3	66	67	67
3	67	68	68
3	68	69	69
3	69	70	70
3	70	71	71
3	71	72	72
3	72	73	73
3	73	74	74
3	74	75	75
3	75	76	76
3	76	77	77
3	77	78	78
3	78	79	79
3	79	80	80
3	80	81	81
3	81	82	82
3	82	83	83
3	83	84	84
3	84	85	85
3	85	86	86
3	86	87	87
3	87	88	88
3	88	89	89
3	89	90	90
3	90	91	91
3	91	92	92
3	92	93	93
3	93	94	94
3	94	95	95
3	95	96	96
3	96	97	97
3	97	98	98
3	98	99	99
3	99	100	100
3	100	101	101
3	101	102	102
3	102	103	103
3	103	104	104
3	104	105	105
3	105	106	106
3	106	107	107
3	107	108	108
3	108	109	109
3	109	110	110
3	110	111	111
3	111	112	112
3	112	113	113
3	113	114	114
3	114	115	115
3	115	116	116
3	116	117	117
3	117	118	118
3	118	119	119
3	119	120	120
3	120	121	121
3	121	122	122
3	122	123	123
3	123	124	124
3	124	125	125
3	125	126	126
3	126	127	127
3	127	128	128
3	128	129	129
3	129	130	130
3	130	131	131
3	131	132	132
3	132	133	133
3	133	134	134
3	134	135	135
3	135	136	136
3	136	137	137
3	137	138	138
3	138	139	139
3	139	140	140
3	140	141	141
3	141	142	142
3	142	143	143
3	143	144	144
3	144	145	145
3	145	146	146
3	146	147	147
3	147	148	148
3	148	149	149
3	149	150	150
3	150	151	151
3	151	152	152
3	152	153	153
3	153	154	154
3	154	155	155
3	155	156	156
3	156	157	157
3	157	158	158
3	158	159	159
3	159	160	160
3	160	161	161
3	161	162	162
3	162	163	163
3	163	164	164
3	164	165	165
3	165	166	166
3	166	167	167
3	167	168	168
3	168	169	169
3	169	170	170
3	170	171	171
3	171	172	172
3	172	173	173
3	173	174	174
3	174	175	175
3	175	176	176
3	176	177	177
3	177	178	178
3	178	179	179
3	179	180	180
3	180	181	181
3	181	182	182
3	182	183	183
3	183	184	184
3	184	185	185
3	185	186	186
3	186	187	187
3	187	188	188
3	188	189	189
3	189	190	190
3	190	191	191
3	191	192	192
3	192	193	193
3	193	194	194
3	194	195	195
3	195	196	196
3	196	197	197
3	197	198	198
3	198	199	199
MARKER_TAG= farfield
MARKER_ELEMS= 50
SEND_TO= 0
3	200	201	0
3	201	202	1
3	202	203	2
3	203	204	3
3	204	205	4
3	205	206	5
3	206	207	6
3	207	208	7
3	208	209	8
3	209	210	9
3	210	211	10
3	211	212	11
3	212	213	12
3	213	214	13
3	214	215	14
3	215	216	15
3	216	217	16
3	217	218	17
3	218	219	18
3	219	220	19
3	220	221	20
3	221	222	21
3	222	223	22
3	223	224	23
3	224	225	24
3	225	226	25
3	226	227	26
3	227	228	27
3	228	229	28
3	229	230	29
3	230	231	30
3	231	232	31
3	232	233	32
3	233	234	33
3	234	235	34
3	235	236	35
3	236	237	36
3	237	238	37
3	238	239	38
3	239	240	39
3	240	241	40
3	241	242	41
3	242	243	42
3	243	244	43
3	244	245	44
3	245	246	45
3	246	247	46
3	247	248	47
3	248	249	48
3	249	200	49
