NMARK= 2
MARKER_TAG= AIRFOIL
MARKER_ELEMS= 192
SEND_TO= 0
3	4965	4991	0
3	4939	4965	1
3	4913	4939	2
3	4887	4913	3
3	4861	4887	4
3	4835	4861	5
3	4809	4835	6
3	4783	4809	7
3	4757	4783	8
3	4731	4757	9
3	4705	4731	10
3	4679	4705	11
3	4653	4679	12
3	4627	4653	13
3	4601	4627	14
3	4575	4601	15
3	4549	4575	16
3	4523	4549	17
3	4497	4523	18
3	4471	4497	19
3	4445	4471	20
3	4419	4445	21
3	4393	4419	22
3	4367	4393	23
3	4341	4367	24
3	4315	4341	25
3	4289	4315	26
3	4263	4289	27
3	4237	4263	28
3	4211	4237	29
3	4185	4211	30
3	4159	4185	31
3	4133	4159	32
3	4107	4133	33
3	4081	4107	34
3	4055	4081	35
3	4029	4055	36
3	4003	4029	37
3	3977	4003	38
3	3951	3977	39
3	3925	3951	40
3	3899	3925	41
3	3873	3899	42
3	3847	3873	43
3	3821	3847	44
3	3795	3821	45
3	3769	3795	46
3	3743	3769	47
3	3717	3743	48
3	3691	3717	49
3	3665	3691	50
3	3639	3665	51
3	3613	3639	52
3	3587	3613	53
3	3561	3587	54
3	3535	3561	55
3	3509	3535	56
3	3483	3509	57
3	3457	3483	58
3	3431	3457	59
3	3405	3431	60
3	3379	3405	61
3	3353	3379	62
3	3327	3353	63
3	3301	3327	64
3	3275	3301	65
3	3249	3275	66
3	3223	3249	67
3	3197	3223	68
3	3171	3197	69
3	3145	3171	70
3	3119	3145	71
3	3093	3119	72
3	3067	3093	73
3	3041	3067	74
3	3015	3041	75
3	2989	3015	76
3	2963	2989	77
3	2937	2963	78
3	2911	2937	79
3	2885	2911	80
3	2859	2885	81
3	2833	2859	82
3	2807	2833	83
3	2781	2807	84
3	2755	2781	85
3	2729	2755	86
3	2703	2729	87
3	2677	2703	88
3	2651	2677	89
3	2625	2651	90
3	2599	2625	91
3	2573	2599	92
3	2547	2573	93
3	2521	2547	94
3	2495	2521	95
3	2469	2495	96
3	2443	2469	97
3	2417	2443	98
3	2391	2417	99
3	2365	2391	100
3	2339	2365	101
3	2313	2339	102
3	2287	2313	103
3	2261	2287	104
3	2235	2261	105
3	2209	2235	106
3	2183	2209	107
3	2157	2183	108
3	2131	2157	109
3	2105	2131	110
3	2079	2105	111
3	2053	2079	112
3	2027	2053	113
3	2001	2027	114
3	1975	2001	115
3	1949	1975	116
3	1923	1949	117
3	1897	1923	118
3	1871	1897	119
3	1845	1871	120
3	1819	1845	121
3	1793	1819	122
3	1767	1793	123
3	1741	1767	124
3	1715	1741	125
3	1689	1715	126
3	1663	1689	127
3	1637	1663	128
3	1611	1637	129
3	1585	1611	130
3	1559	1585	131
3	1533	1559	132
3	1507	1533	133
3	1481	1507	134
3	1455	1481	135
3	1429	1455	136
3	1403	1429	137
3	1377	1403	138
3	1351	1377	139
3	1325	1351	140
3	1299	1325	141
3	1273	1299	142
3	1247	1273	143
3	1221	1247	144
3	1195	1221	145
3	1169	1195	146
3	1143	1169	147
3	1117	1143	148
3	1091	1117	149
3	1065	1091	150
3	1039	1065	151
3	1013	1039	152
3	987	1013	153
3	961	987	154
3	935	961	155
3	909	935	156
3	883	909	157
3	857	883	158
3	831	857	159
3	805	831	160
3	779	805	161
3	753	779	162
3	727	753	163
3	701	727	164
3	675	701	165
3	649	675	166
3	623	649	167
3	597	623	168
3	571	597	169
3	545	571	170
3	519	545	171
3	493	519	172
3	467	493	173
3	441	467	174
3	415	441	175
3	389	415	176
3	363	389	177
3	337	363	178
3	311	337	179
3	285	311	180
3	259	285	181
3	233	259	182
3	207	233	183
3	181	207	184
3	155	181	185
3	129	155	186
3	103	129	187
3	77	103	188
3	51	77	189
3	25	51	190
3	4991	25	191
MARKER_TAG= FARFIELD
MARKER_ELEMS= 40
SEND_TO= 0
3	5056	5017	0
3	5055	5056	1
3	5054	5055	2
3	5053	5054	3
3	5052	5053	4
3	5051	5052	5
3	5050	5051	6
3	5049	5050	7
3	5048	5049	8
3	5047	5048	9
3	5046	5047	10
3	5045	5046	11
3	5044	5045	12
3	5043	5044	13
3	5042	5043	14
3	5041	5042	15
3	5040	5041	16
3	5039	5040	17
3	5038	5039	18
3	5037	5038	19
3	5036	5037	20
3	5035	5036	21
3	5034	5035	22
3	5033	5034	23
3	5032	5033	24
3	5031	5032	25
3	5030	5031	26
3	5029	5030	27
3	5028	5029	28
3	5027	5028	29
3	5026	5027	30
3	5025	5026	31
3	5024	5025	32
3	5023	5024	33
3	5022	5023	34
3	5021	5022	35
3	5020	5021	36
3	5019	5020	37
3	5018	5019	38
3	5017	5018	39
